Sony KDL-40W4000 IR command codes
---------------------------------
source: https://irdb.globalcache.com/Home/Database
conversion: https://pasthev.github.io/sensus/

power toggle:
pronto: 0000 0068 0000 000d 0060 0018 0030 0018 0018 0018 0030 0018 0018 0018 0030 0018 0018 0018 0018 0018 0030 0018 0018 0018 0018 0018 0018 0018 0018 040b
broadlink b64: JgAcAE8TJxMTEycTExMnExMTExMnExMTExMTExMAA1QNBQAAAAAAAAAAAAA=

power on:
pronto: 0000 0068 0000 000d 0060 0018 0018 0018 0030 0018 0030 0018 0030 0018 0018 0018 0030 0018 0018 0018 0030 0018 0018 0018 0018 0018 0018 0018 0018 03f5
broadlink b64: JgAcAE8TExMnEycTJxMTEycTExMnExMTExMTExMAA0INBQAAAAAAAAAAAAA=

power off:
pronto: 0000 0068 0000 000d 0060 0018 0030 0018 0030 0018 0030 0018 0030 0018 0018 0018 0030 0018 0018 0018 0030 0018 0018 0018 0018 0018 0018 0018 0018 03de
broadlink b64: JgAcAE8TJxMnEycTJxMTEycTExMnExMTExMTExMAAy8NBQAAAAAAAAAAAAA=

hdmi 1:
pronto: 0000 0068 0000 0010 0060 0018 0018 0018 0030 0018 0018 0018 0030 0018 0030 0018 0018 0018 0030 0018 0018 0018 0030 0018 0018 0018 0030 0018 0030 0018 0018 0018 0018 0018 0018 0338
broadlink b64: JgAiAE8TExMnExMTJxMnExMTJxMTEycTExMnEycTExMTExMAAqYNBQAAAAA=

hdmi 2:
pronto: 0000 0068 0000 0010 0060 0018 0030 0018 0030 0018 0018 0018 0030 0018 0030 0018 0018 0018 0030 0018 0018 0018 0030 0018 0018 0018 0030 0018 0030 0018 0018 0018 0018 0018 0018 0326
broadlink b64: JgAiAE8TJxMnExMTJxMnExMTJxMTEycTExMnEycTExMTExMAApgNBQAAAAA=

hdmi 3:
pronto: 0000 0068 0000 0010 0060 0018 0018 0018 0018 0018 0030 0018 0030 0018 0030 0018 0018 0018 0030 0018 0018 0018 0030 0018 0018 0018 0030 0018 0030 0018 0018 0018 0018 0018 0018 0338
broadlink b64: JgAiAE8TExMTEycTJxMnExMTJxMTEycTExMnEycTExMTExMAAqYNBQAAAAA=
